322,52
322,51
322,50
322,49
322,48
322,47
322,46
322,45
322,44
322,43
322,42
322,41
212,3
202,1
202,3
289,3
234,1
234,3
252,1
252,3
246,1
246,3
14,15
261,1
261,3
267,1
267,3
227,1
227,3
226,1
226,3
199,1
199,3
185,1
185,3
183,1
183,3
14,12
296,1
296,3
178,1
178,3
40,1
40,3
38,1
38,3
0,546
36,1
36,3
29,1
29,3
0,273
0,270
322,40
322,39
322,38
322,37
322,36
322,35
10,84
10,223
10,190
10,285
10,154
10,142
10,180
10,181
11,8
11,24
11,12
9,5
8,18
8,9
8,7
8,17
0,537
320,6
320,5
320,4
320,3
320,2
320,1
320,0
317,3
317,2
317,1
317,0
309,10
309,9
309,7
309,6
309,5
309,1
309,3
309,2
309,0
303,3
303,1
289,6
289,1
288,3
288,1
275,4
275,3
275,1
269,5
269,3
269,1
259,3
259,1
249,3
249,1
224,3
224,1
222,3
222,1
208,3
208,1
193,3
193,1
181,3
181,1
69,1
69,11
46,3
46,1
34,1
34,3
25,3
25,1
20,3
20,2
20,1
19,3
19,2
19,1
14,14
14,13
14,6
14,2
14,0
12,3
12,2
12,1
11,28
